40
60
1 2 871
1 4 452
1 5 779
1 6 492
1 9 172
1 16 701
1 17 412
1 19 258
1 23 810
1 25 481
1 29 792
1 33 704
1 35 770
1 37 614
1 38 302
1 39 27
1 40 665
2 3 811
2 7 396
2 9 369
2 13 787
2 15 637
2 17 908
2 20 473
2 23 944
2 24 631
2 26 101
2 28 549
2 29 898
2 31 171
2 32 539
2 33 630
2 36 712
2 39 875
2 40 49
3 4 195
3 5 957
3 9 862
3 11 238
3 13 288
3 14 746
3 16 792
3 19 968
3 20 707
3 21 559
3 24 310
3 26 177
3 29 509
3 31 652
3 33 889
3 35 451
3 36 448
3 37 793
3 39 225
4 5 621
4 11 396
4 14 497
4 16 137
4 18 369
4 20 418
4 21 331
4 22 114
4 28 553
4 29 15
4 30 952
4 33 9
4 34 626
4 36 66
4 37 34
5 6 946
5 8 803
5 9 860
5 10 745
5 11 159
5 15 999
5 16 128
5 17 815
5 18 568
5 19 792
5 20 301
5 22 78
5 24 662
5 27 766
5 29 666
5 34 51
5 35 522
5 37 976
5 38 776
5 40 422
6 7 421
6 8 271
6 9 993
6 15 876
6 16 824
6 17 919
6 24 19
6 27 720
6 28 795
6 34 185
6 35 681
6 38 62
6 40 454
7 8 243
7 9 299
7 10 884
7 14 668
7 15 798
7 16 223
7 17 891
7 23 31
7 25 424
7 26 667
7 29 714
7 32 145
7 35 431
7 37 94
7 39 532
7 40 990
8 9 741
8 13 268
8 15 521
8 18 900
8 19 492
8 21 45
8 23 767
8 24 863
8 26 742
8 28 337
8 30 274
8 31 348
8 32 449
8 34 763
8 37 724
8 38 433
9 10 349
9 11 562
9 13 689
9 14 827
9 15 706
9 16 231
9 19 690
9 20 386
9 21 862
9 24 807
9 26 374
9 28 724
9 29 660
9 30 160
9 32 487
9 33 612
9 36 624
10 11 203
10 12 412
10 13 383
10 14 100
10 17 89
10 18 258
10 21 204
10 23 138
10 24 774
10 29 8
10 31 192
10 32 857
10 37 408
10 38 242
10 40 774
11 12 150
11 14 273
11 18 271
11 19 998
11 20 677
11 21 936
11 22 121
11 23 242
11 24 197
11 25 902
11 26 328
11 30 193
11 33 772
11 34 377
11 36 265
11 39 524
11 40 780
12 13 4
12 16 133
12 17 753
12 18 704
12 19 70
12 22 298
12 26 508
12 27 741
12 29 189
12 30 123
12 32 906
12 36 970
12 38 666
13 14 907
13 15 490
13 18 325
13 19 17
13 20 401
13 24 71
13 31 510
13 34 301
13 35 900
13 36 990
13 39 465
14 15 926
14 18 20
14 19 98
14 22 945
14 23 565
14 26 785
14 28 383
14 30 800
14 32 933
14 35 876
14 36 794
14 40 213
15 16 774
15 20 430
15 22 462
15 23 313
15 25 790
15 27 210
15 31 129
15 32 558
15 34 522
15 36 546
15 37 172
16 17 25
16 19 623
16 21 150
16 22 744
16 23 376
16 24 967
16 25 847
16 26 954
16 29 209
16 30 919
16 31 260
16 32 862
16 33 992
16 36 543
16 37 667
16 38 673
16 39 348
16 40 445
17 18 751
17 20 609
17 26 200
17 27 577
17 29 823
17 36 351
17 38 450
17 39 360
17 40 1
18 19 354
18 21 171
18 22 233
18 23 635
18 25 727
18 26 246
18 29 21
18 32 447
18 35 691
19 20 225
19 21 72
19 23 502
19 25 300
19 27 727
19 28 287
19 32 111
19 33 414
19 35 27
19 36 349
19 38 330
19 39 337
19 40 265
20 21 415
20 22 140
20 27 250
20 28 163
20 32 790
20 34 73
20 35 508
20 38 81
21 22 309
21 24 607
21 27 437
21 29 201
21 30 935
21 33 891
21 34 84
21 35 369
21 36 534
21 37 661
21 38 642
21 39 123
21 40 435
22 23 387
22 24 922
22 26 416
22 27 4
22 29 953
22 36 303
22 37 620
23 24 68
23 26 775
23 31 474
23 32 717
23 35 447
23 39 768
23 40 619
24 25 811
24 27 959
24 28 919
24 30 840
24 31 365
24 34 562
24 35 12
24 36 149
24 37 546
24 39 984
25 26 534
25 27 653
25 28 984
25 29 569
25 30 734
25 33 317
25 37 819
25 38 272
26 27 166
26 30 667
26 31 75
26 32 167
26 33 961
26 34 131
26 38 782
26 39 2
27 28 66
27 30 666
27 31 2
27 36 923
27 40 56
28 29 588
28 31 115
28 33 429
28 35 521
28 39 154
28 40 879
29 30 558
29 33 360
29 35 673
29 36 615
29 38 992
29 39 529
30 31 140
30 32 848
30 33 898
30 34 902
30 36 871
30 37 754
31 32 602
31 36 178
31 39 110
31 40 112
32 33 367
32 35 467
32 36 846
32 38 93
32 39 634
33 34 90
33 40 650
34 35 203
34 36 497
34 38 112
34 39 711
34 40 775
35 36 909
35 40 792
36 37 512
36 39 884
37 38 340
37 39 798
38 39 294
38 40 303
39 40 846
