20
5
1 2 557
1 3 235
1 6 541
1 11 231
1 12 673
1 15 404
1 16 452
1 17 737
1 19 46
1 20 734
2 3 819
2 4 135
2 7 552
2 10 596
2 11 118
2 12 204
2 13 580
2 17 316
3 4 846
3 5 913
3 7 663
3 9 574
3 11 863
3 12 393
3 13 987
3 14 304
3 15 801
3 16 984
3 20 213
4 5 838
4 9 511
4 11 871
4 18 554
5 6 711
5 9 776
5 10 849
5 14 65
5 17 684
5 18 760
5 19 63
6 7 198
6 8 61
6 9 623
6 10 495
6 11 832
6 17 531
7 8 87
7 9 814
7 11 951
7 12 447
7 13 159
7 15 502
8 9 370
8 12 768
8 13 618
8 17 999
8 19 486
9 10 122
9 11 890
9 16 699
10 11 967
10 12 894
11 12 548
11 15 592
11 16 638
12 13 439
12 15 318
12 18 795
12 19 475
12 20 744
13 14 743
13 16 211
13 17 687
13 18 669
14 15 468
14 19 342
14 20 363
15 16 199
15 17 952
15 20 341
16 17 329
16 18 884
17 18 113
17 19 173
18 19 938
18 20 291
19 20 751
