0.32497 2.92 0.33
0.21649 2.30 0.23
0.11539 1.0 0.09
0.08997 0.84 0.09
0.21294 1.63 0.22
0.59771 5.90 0.58
0.36966 1.93 0.39
0.50663 5.33 0.40
0.52259 3.72 0.56
0.25645 1.99 0.29
0.56296 4.69 0.65
0.56955 3.82 0.35
0.69414 5.35 0.69
1.34769 10.55 1.38
1.98275 16.36 1.36
0.52564 3.81 0.27
0.59412 4.26 0.60
0.53976 4.16 0.44
0.39610 4.05 0.33
0.58695 4.99 0.62
0.18564 1.44 0.21
0.59108 5.57 0.29
0.11503 0.75 0.09
0.42418 3.28 0.44
1.01799 9.38 1.20
0.35859 1.98 0.35
0.22021 1.73 0.14
0.62135 4.19 0.53
0.33276 1.75 0.26
0.20171 1.42 0.19
0.15971 1.35 0.12
0.16545 1.37 0.12
0.40993 3.31 0.57
1.06368 9.03 1.36
0.19537 1.36 0.15
0.47027 2.66 0.44
0.56368 3.59 0.58
0.03461 0.19 0.03
0.04306 0.28 0.04
0.25538 1.80 0.17
0.47288 3.45 0.52
0.39368 3.20 0.31
0.38069 3.05 0.37
0.22640 1.75 0.24
0.10640 0.53 0.10
0.42803 3.11 0.41
0.24752 1.45 0.21
0.24874 1.83 0.13
0.11443 0.59 0.08
0.16324 1.34 0.11
0.65696 4.13 0.59
0.39788 4.03 0.38
0.42888 3.19 0.33
0.77202 8.04 0.53
0.50808 3.00 0.37
0.46933 3.41 0.47
0.05967 0.53 0.05
0.94094 6.85 0.85
0.61449 3.56 0.41
0.33965 2.85 0.33
0.40753 3.06 0.52
0.00451 0.03 0.00
0.02634 0.21 0.02
0.05257 0.53 0.05
0.11448 0.69 0.09
1.07224 6.02 0.91
0.39178 3.43 0.41
0.19696 2.00 0.17
1.00155 7.98 1.27
0.29511 1.72 0.26
0.40450 3.42 0.55
0.33774 2.39 0.19
0.07983 0.59 0.09
0.68397 3.58 0.73
0.31319 2.72 0.30
0.83448 6.23 1.03
0.17573 1.09 0.16
1.46844 13.45 1.38
0.88736 4.42 0.82
0.07928 0.67 0.07
1.06586 8.10 0.77
0.25017 2.48 0.24
0.12075 0.95 0.07
0.53879 4.30 0.53
0.93250 7.90 0.74
0.24550 1.93 0.19
0.28871 2.24 0.20
0.29745 1.56 0.26
0.92828 6.33 1.17
0.38421 2.97 0.40
0.21927 1.47 0.22
0.17724 1.28 0.18
0.04833 0.25 0.04
0.61249 5.10 0.46
0.21411 1.63 0.20
0.22865 1.81 0.23
0.34019 2.33 0.33
0.72500 6.82 0.74
0.20085 1.51 0.17
0.46786 2.73 0.51
0.36306 3.42 0.33
0.50106 4.12 0.51
0.59058 4.59 0.68
0.40742 4.48 0.46
0.32315 2.50 0.36
0.37285 2.42 0.43
0.14329 1.05 0.17
0.46159 2.93 0.44
0.15552 0.74 0.16
0.62323 4.34 0.30
0.08843 0.53 0.08
0.30424 2.24 0.35
0.97140 7.57 0.59
0.48048 3.02 0.39
0.27617 2.29 0.26
0.69984 6.63 0.65
1.28705 10.03 0.94
0.82889 7.61 0.64
0.12969 0.71 0.09
0.38226 3.48 0.39
2.00749 14.23 1.44
0.11583 0.85 0.13
0.03700 0.28 0.03
0.54774 3.92 0.59
0.26682 2.41 0.25
0.12063 0.88 0.1
0.46733 3.56 0.45
0.36920 3.34 0.32
0.15338 1.14 0.14
0.08827 0.56 0.11
0.11035 0.79 0.06
0.10347 1.10 0.09
0.11288 0.86 0.10
0.09490 0.90 0.09
0.02378 0.20 0.02
0.21206 1.12 0.20
0.26813 2.38 0.26
0.33753 2.99 0.27
0.95304 7.43 0.74
0.18131 1.51 0.16
0.05562 0.25 0.05
0.28651 2.32 0.33
0.49528 2.94 0.51
0.07979 0.65 0.09
0.41435 4.03 0.42
0.57220 4.71 0.37
1.43303 11.65 1.49
0.38266 3.08 0.33
0.17075 1.60 0.16
1.21954 9.55 1.34
0.09715 0.64 0.08
0.31270 1.65 0.37
1.29394 8.51 1.01
2.23961 14.42 1.67
0.18533 1.61 0.17
0.21174 1.84 0.13
0.16706 0.94 0.13
0.74499 6.02 0.72
0.36192 3.06 0.33
0.11995 0.84 0.07
0.01613 0.13 0.02
0.38554 4.15 0.30
0.38045 3.10 0.33
0.37065 2.76 0.40
0.22899 2.29 0.25
0.34870 2.27 0.30
0.05110 0.38 0.03
0.14671 1.15 0.14
0.35109 2.70 0.47
0.07810 0.45 0.08
0.33683 2.39 0.35
0.29173 2.00 0.22
0.62601 5.91 0.52
0.45875 2.76 0.41
0.09293 0.80 0.09
0.39466 3.05 0.27
0.45188 3.10 0.50
0.11525 0.66 0.13
0.30375 2.36 0.22
0.21558 1.64 0.13
0.27995 1.84 0.24
0.16454 1.27 0.15
0.15435 1.24 0.19
0.87058 7.16 0.76
0.27234 1.56 0.26
0.87770 7.97 0.94
0.18951 1.35 0.17
0.44288 3.85 0.28
0.79221 4.67 0.64
0.20178 1.54 0.14
0.38943 2.74 0.34
1.13345 6.41 0.92
0.23986 2.31 0.29
0.44931 4.14 0.50
0.19099 1.42 0.18
0.24657 1.79 0.23
0.47493 3.11 0.42
0.13197 0.89 0.13
0.22638 1.99 0.18
0.49253 4.26 0.34
0.20067 1.64 0.16
0.72253 5.88 0.90
0.23954 1.36 0.28
0.45241 2.65 0.44
0.49076 4.66 0.37
0.95739 7.79 0.69
0.83583 6.36 0.86
0.11425 0.74 0.12
0.27189 2.74 0.27
0.21824 1.33 0.18
0.27537 2.10 0.26
0.51876 4.49 0.53
2.08362 14.42 1.90
0.14519 1.36 0.13
0.78971 5.27 0.76
0.17324 1.36 0.18
0.52584 2.62 0.34
0.13924 1.21 0.14
0.10710 0.72 0.10
0.20407 1.56 0.24
0.12937 0.87 0.09
1.62385 10.28 1.15
0.25477 1.87 0.23
0.15714 1.42 0.16
0.63894 3.30 0.51
0.58194 5.29 0.68
0.49439 4.38 0.55
0.03677 0.39 0.03
0.41217 3.37 0.53
1.80671 19.36 1.63
0.31472 2.91 0.26
0.34531 1.59 0.28
0.19342 2.07 0.17
0.32155 3.03 0.31
0.13659 1.01 0.13
0.24730 1.42 0.25
0.22652 1.95 0.17
0.64832 5.14 0.65
0.40303 4.13 0.44
0.90113 7.60 0.81
0.36684 3.44 0.36
0.07824 0.50 0.08
0.35010 2.86 0.20
0.21380 1.73 0.11
0.29948 3.23 0.26
0.15681 0.96 0.13
0.46803 4.67 0.50
0.11580 0.94 0.10
0.38108 3.15 0.35
0.53446 4.88 0.49
0.21574 1.75 0.18
0.53962 3.22 0.45
0.30027 2.59 0.27
0.39873 3.26 0.42
0.23828 1.50 0.26
0.86034 6.02 0.59
0.72389 4.13 0.52
0.46423 3.40 0.46
0.31964 1.91 0.29
0.17496 1.24 0.15
0.71006 5.90 0.61
0.17564 1.45 0.22
1.21336 11.36 1.00
0.06144 0.62 0.07
0.12568 1.10 0.14
0.28109 2.83 0.25
0.36980 2.14 0.25
0.11370 0.80 0.11
0.31312 3.37 0.29
0.81786 7.60 0.73
1.33813 8.72 0.81
3.53847 24.58 3.62
0.53071 4.59 0.49
0.61171 4.32 0.52
0.08828 0.56 0.08
0.68054 4.31 0.78
0.33055 2.70 0.35
0.18589 1.66 0.19
0.06377 0.50 0.07
0.16107 1.52 0.12
0.30420 2.75 0.27
0.68372 5.07 0.61
1.85341 14.84 1.57
0.44794 3.40 0.39
0.26186 2.22 0.23
0.54381 5.47 0.48
0.13118 1.03 0.08
0.13841 0.97 0.11
0.12894 1.06 0.13
0.62632 4.93 0.60
0.12094 1.17 0.12
0.47575 3.81 0.37
0.74158 5.48 0.44
0.47360 3.24 0.55
0.23775 1.44 0.20
0.08061 0.67 0.08
0.28200 2.74 0.26
0.20915 1.46 0.21
1.35207 11.13 1.47
0.73591 4.79 0.65
0.38690 2.25 0.30
0.43546 2.48 0.47
0.20646 1.51 0.17
0.10348 0.98 0.09
0.18423 0.89 0.15
1.84721 15.67 1.94
2.07153 19.68 1.66
0.38528 2.83 0.37
0.49716 3.21 0.35
0.45950 3.57 0.49
0.54869 4.30 0.49
0.67366 3.57 0.71
0.09010 0.69 0.08
0.07096 0.53 0.07
0.10177 0.71 0.12
0.42453 4.03 0.45
0.50253 3.38 0.48
0.83900 4.57 0.77
0.18485 1.00 0.14
0.60444 5.77 0.65
0.17458 1.06 0.22
0.60087 4.59 0.52
0.21287 2.10 0.17
0.37907 2.51 0.23
0.12069 1.13 0.14
0.52726 3.64 0.41
0.31491 2.12 0.21
0.13338 0.84 0.07
0.40538 2.86 0.28
0.43259 4.80 0.52
1.07520 8.79 0.81
0.43959 3.63 0.38
0.02943 0.24 0.03
0.56440 4.55 0.42
0.30027 1.85 0.20
0.90170 8.55 0.47
0.10320 0.56 0.09
0.18587 1.41 0.20
0.41900 3.22 0.27
0.21028 1.70 0.13
0.32571 1.98 0.25
1.49877 9.81 1.41
0.18135 1.23 0.14
0.55712 3.67 0.52
1.07233 5.08 0.91
0.05718 0.35 0.04
0.10202 0.91 0.06
2.14555 18.37 1.93
0.57021 4.18 0.72
0.45013 3.95 0.40
0.27552 2.75 0.26
0.14542 1.16 0.15
0.59644 4.07 0.49
0.18039 1.28 0.20
0.32428 2.27 0.24
0.44692 3.10 0.35
0.32559 2.49 0.17
1.06506 9.47 0.77
0.40618 3.41 0.39
0.38088 3.17 0.30
0.10944 0.90 0.09
2.42822 21.61 2.84
0.03187 0.19 0.02
0.27825 1.57 0.26
0.55548 4.44 0.48
0.55860 3.53 0.47
0.69567 7.23 0.53
0.56846 6.18 0.70
0.30190 2.20 0.38
0.28977 2.42 0.28
0.24464 2.03 0.19
0.26424 1.44 0.29
0.31998 2.41 0.33
0.72499 6.68 0.56
0.01917 0.1 0.02
0.26204 1.77 0.20
0.37207 2.81 0.37
0.34708 2.61 0.36
0.27269 1.96 0.20
0.36867 3.23 0.27
0.13508 0.97 0.09
0.33780 3.37 0.21
0.08036 0.64 0.08
0.13211 1.30 0.14
0.15025 1.10 0.06
0.30412 3.09 0.33
0.14999 0.76 0.18
0.33398 1.95 0.26
0.21092 1.31 0.24
1.43892 14.01 1.60
0.16374 1.30 0.1
0.06482 0.50 0.06
1.11882 7.46 0.89
0.02846 0.22 0.03
0.81322 4.73 0.68
0.33809 3.26 0.31
1.26720 6.94 1.23
0.04267 0.34 0.04
1.14200 7.43 1.02
0.16918 1.20 0.17
1.29921 9.62 0.93
0.66067 5.10 0.36
0.13797 1.14 0.10
0.50193 3.45 0.49
0.11482 0.88 0.11
0.53202 4.90 0.48
0.75996 5.17 0.79
0.29690 1.86 0.28
0.27147 2.60 0.15
0.69159 5.84 0.57
0.76010 4.47 1.02
0.70759 4.97 0.68
0.26004 1.77 0.18
0.03251 0.19 0.02
0.73904 4.94 0.53
0.10479 0.89 0.10
1.95283 15.68 1.98
0.25575 1.73 0.24
0.11218 0.89 0.08
0.56906 4.15 0.52
0.12575 1.13 0.13
0.26763 2.64 0.29
0.17834 1.65 0.21
0.16962 0.81 0.11
0.14708 1.44 0.14
0.13356 1.10 0.15
1.57774 12.44 1.73
0.35755 3.63 0.32
0.26311 2.15 0.27
0.26274 2.58 0.23
0.31748 1.72 0.27
0.10360 0.58 0.08
0.21609 1.34 0.23
0.95161 9.12 0.72
0.22665 1.82 0.19
0.30936 1.80 0.28
0.22619 1.59 0.20
0.15404 1.61 0.13
0.13726 1.21 0.14
0.26172 2.36 0.24
0.25142 1.96 0.28
0.36425 2.14 0.38
0.76176 6.73 0.56
0.22931 1.67 0.17
0.13957 0.91 0.12
0.82457 6.36 0.62
0.11951 0.80 0.12
0.35391 2.77 0.26
1.06956 6.29 0.96
0.26188 2.06 0.18
0.36487 3.31 0.33
0.69652 5.74 0.51
0.48324 2.84 0.27
0.51382 3.20 0.39
1.33164 12.49 0.84
0.51098 3.65 0.50
0.62773 4.74 0.50
0.05978 0.43 0.06
1.19639 11.02 1.44
0.04869 0.37 0.06
0.48671 2.90 0.40
0.25964 2.31 0.26
0.64965 4.93 0.85
1.17193 8.00 1.09
1.21198 9.21 1.06
0.27123 2.01 0.22
0.25003 2.01 0.23
0.30189 2.94 0.30
0.14070 0.84 0.09
1.81191 11.63 1.68
0.31510 2.52 0.31
0.87098 7.36 0.70
0.46064 4.42 0.57
0.18647 2.00 0.16
1.08136 10.29 1.15
0.34262 2.22 0.37
1.09937 11.41 1.04
0.37177 1.91 0.38
0.64074 5.45 0.53
0.08087 0.68 0.09
0.24254 2.02 0.25
0.13997 0.97 0.11
0.33995 3.03 0.31
0.20328 1.85 0.18
0.16417 1.29 0.16
0.32224 3.15 0.35
0.10427 0.91 0.09
0.77020 6.29 0.60
0.07200 0.53 0.05
0.28044 2.37 0.15
0.19133 1.29 0.18
0.57969 5.53 0.59
0.14171 0.90 0.14
0.34750 3.18 0.32
0.52652 5.23 0.44
0.07726 0.59 0.05
0.29955 2.56 0.34
0.79285 4.06 0.81
0.13129 1.14 0.13
0.13206 0.67 0.09
0.47616 2.37 0.45
0.28168 2.26 0.19
0.23826 2.00 0.24
0.24228 2.07 0.23
0.04608 0.39 0.05
0.49496 2.96 0.33
0.51142 4.27 0.46
0.19982 1.71 0.22
0.20197 1.67 0.15
0.49446 4.55 0.36
0.11683 0.63 0.09
0.33541 2.36 0.20
0.06434 0.34 0.06
1.46530 11.43 1.39
0.07408 0.59 0.06
0.71377 4.87 0.58
0.48926 4.08 0.43
0.22737 1.57 0.21
0.11567 0.88 0.09
0.22509 1.87 0.17
0.45739 2.84 0.45
0.30656 2.79 0.20
0.49544 3.90 0.48
1.61779 15.02 1.22
0.36504 3.53 0.38
0.19283 1.45 0.21
0.40756 2.41 0.41
0.08689 0.75 0.08
0.36223 3.44 0.26
0.72389 7.37 0.88
1.15102 8.05 1.32
0.08082 0.50 0.08
0.06945 0.55 0.06
0.17936 1.56 0.13
0.32648 2.25 0.28
0.26507 2.57 0.22
1.32119 10.87 1.38
0.11355 0.69 0.09
0.60189 5.59 0.55
0.74114 5.15 0.68
0.88172 6.69 0.48
0.47846 3.02 0.40
0.55377 4.66 0.53
1.29911 10.07 1.50
0.38404 2.96 0.34
0.43577 3.27 0.29
0.14734 0.95 0.15
0.91593 8.09 0.85
0.21751 1.69 0.20
0.61529 3.12 0.60
0.32884 3.33 0.23
0.52077 4.14 0.49
0.06270 0.50 0.06
1.08273 10.34 0.74
0.31391 3.01 0.24
0.35667 2.60 0.37
0.30127 1.80 0.32
0.12483 0.98 0.12
0.05865 0.38 0.06
0.53630 5.42 0.51
0.28959 2.14 0.25
0.70247 3.86 0.60
0.26921 1.84 0.24
1.11702 11.24 0.81
0.18945 1.58 0.21
2.07227 18.35 2.37
0.23335 1.73 0.29
0.55813 4.93 0.46
0.13128 1.24 0.12
0.15736 1.24 0.13
0.40918 2.35 0.37
0.77397 4.32 0.69
0.11868 1.05 0.1
0.17232 1.28 0.19
0.13257 0.99 0.15
0.14567 1.09 0.10
0.24199 2.18 0.25
0.47210 4.69 0.43
0.17332 0.88 0.17
0.05656 0.49 0.06
0.90269 5.97 0.82
0.26994 1.28 0.27
0.92853 5.72 0.95
0.36073 2.74 0.30
1.36247 8.36 1.47
0.29552 1.99 0.22
0.34255 3.01 0.35
0.59102 4.46 0.47
0.19004 1.83 0.20
0.09824 0.71 0.08
0.63268 5.34 0.74
0.27487 1.52 0.21
0.14378 1.38 0.12
0.23994 1.33 0.14
0.08481 0.73 0.07
0.09317 0.62 0.09
0.22658 1.49 0.21
0.13066 1.17 0.11
0.45245 3.13 0.45
0.50631 3.26 0.35
0.91807 8.29 0.83
0.55688 4.66 0.59
0.77194 6.70 0.47
1.47085 12.37 1.62
0.54052 4.81 0.53
0.89458 5.34 0.69
0.19964 1.28 0.22
2.81052 18.56 2.36
0.86334 8.35 0.99
0.33348 2.85 0.29
0.56532 4.30 0.44
1.99049 19.94 1.60
0.83046 4.37 0.49
0.48104 4.72 0.51
1.24252 8.24 1.15
0.21808 1.67 0.17
0.78246 6.35 0.32
0.26910 2.17 0.16
0.12689 1.20 0.11
0.27768 1.93 0.27
0.50441 3.59 0.30
0.09407 0.89 0.06
0.16370 0.88 0.17
0.63724 3.75 0.46
0.73761 4.54 0.66
0.15636 1.12 0.18
0.49329 2.91 0.56
0.27813 1.92 0.20
0.23396 2.37 0.28
0.14708 1.40 0.16
0.39375 2.30 0.45
0.08006 0.51 0.09
1.52324 11.25 1.30
1.58938 12.72 1.52
0.08050 0.65 0.11
0.56821 5.04 0.58
0.09239 0.76 0.08
0.19921 1.17 0.15
0.10262 0.60 0.1
0.42415 2.38 0.31
0.96686 6.37 0.96
1.07738 7.81 1.29
0.18131 1.37 0.14
0.18237 1.83 0.18
0.80849 6.21 0.53
0.19420 1.99 0.13
0.09942 0.50 0.08
0.55495 2.80 0.33
0.22922 1.68 0.18
0.41711 2.91 0.39
2.03508 17.20 2.18
0.75285 7.10 0.77
0.10695 1.0 0.09
0.23864 1.91 0.22
0.98394 8.08 0.91
0.27182 2.19 0.25
0.17005 1.35 0.15
0.81133 6.04 0.86
0.38360 2.31 0.35
0.13300 1.03 0.11
0.29135 2.60 0.15
0.08914 0.65 0.09
0.06304 0.51 0.07
0.17541 1.00 0.18
0.97790 8.28 1.09
0.48023 3.46 0.44
0.50724 3.91 0.23
0.46669 3.44 0.34
1.82554 13.39 1.37
0.55602 4.22 0.64
0.65525 6.26 0.66
0.70266 3.46 0.74
0.91455 6.60 0.86
0.26729 1.74 0.29
0.45619 2.42 0.47
0.12559 0.71 0.1
0.23218 1.70 0.20
0.59609 3.86 0.46
0.10816 0.94 0.07
0.20789 2.23 0.26
0.89849 6.97 0.93
0.32761 2.44 0.30
0.43462 2.73 0.31
0.71895 6.07 0.55
0.38047 2.38 0.42
0.86182 5.92 0.52
0.33173 2.27 0.31
0.51680 4.64 0.44
1.07219 9.01 1.26
0.54929 3.69 0.56
0.15820 1.49 0.18
1.44331 13.77 0.98
0.30855 3.20 0.25
0.82964 8.24 0.90
0.36025 2.58 0.25
0.57263 4.75 0.40
0.22837 2.10 0.27
0.21039 1.35 0.21
0.28673 2.35 0.21
0.18559 1.46 0.17
0.67858 4.46 0.75
2.33627 18.84 1.93
0.36310 2.74 0.28
1.53797 13.04 1.05
0.26382 2.24 0.28
0.21419 1.45 0.13
0.11842 0.99 0.12
0.33225 2.56 0.38
0.00869 0.07 0.01
0.42289 3.99 0.36
0.14141 1.08 0.13
0.33355 2.55 0.33
0.12353 1.21 0.12
0.31114 1.98 0.29
0.42505 2.93 0.34
0.62840 4.99 0.53
2.09284 18.38 1.60
0.36248 2.33 0.24
0.32879 2.86 0.18
0.20307 1.15 0.18
0.25290 2.02 0.31
0.32865 1.79 0.36
0.37274 3.56 0.28
0.29710 2.77 0.38
1.05376 8.34 0.95
0.23611 1.71 0.31
0.43835 3.05 0.51
0.15594 1.18 0.19
0.35152 2.30 0.38
0.23512 2.25 0.17
0.70588 4.50 0.52
0.17846 1.31 0.18
0.14708 1.45 0.11
0.49866 3.85 0.38
0.89816 6.53 0.84
0.64753 6.29 0.58
0.10678 0.79 0.09
0.27184 2.30 0.28
0.27204 1.79 0.25
0.67252 6.51 0.60
0.19037 1.98 0.16
0.37807 2.10 0.37
0.19231 1.78 0.21
1.37631 14.08 1.50
0.43072 2.99 0.41
0.23842 1.84 0.18
0.37904 2.71 0.31
0.24643 2.05 0.19
0.26339 1.81 0.29
0.56218 4.02 0.49
0.19135 1.39 0.20
1.80320 9.81 1.93
0.22763 1.62 0.19
0.47395 3.59 0.22
1.05090 10.91 1.01
0.14465 1.09 0.13
0.23685 2.13 0.28
0.14505 0.97 0.08
0.71945 5.70 0.78
0.26228 1.95 0.27
0.25680 2.04 0.16
0.47349 3.12 0.49
0.24531 2.39 0.21
2.20938 13.61 1.10
0.38848 2.81 0.50
0.07387 0.52 0.08
0.32408 2.96 0.30
0.64491 5.85 0.55
0.20730 1.60 0.14
0.21921 1.87 0.20
0.90516 6.75 1.14
0.40122 3.42 0.31
0.95043 7.36 1.02
0.96564 8.97 0.90
0.53653 3.76 0.48
0.17109 1.44 0.13
1.26735 8.32 1.33
0.34318 2.88 0.35
0.85295 6.46 0.72
0.07865 0.79 0.07
0.04457 0.36 0.05
0.17419 1.04 0.12
0.88473 5.68 0.59
0.08257 0.73 0.07
0.13492 1.31 0.13
0.94678 6.18 0.66
0.85234 7.51 0.81
0.57824 4.63 0.47
0.17563 1.25 0.15
0.83980 7.28 0.59
0.40683 2.84 0.35
0.39579 3.32 0.36
0.21396 2.20 0.17
0.26729 2.25 0.13
0.53616 4.38 0.62
0.11875 0.99 0.08
0.55682 5.32 0.39
0.15315 1.50 0.12
1.78747 11.78 1.57
0.33063 3.46 0.22
1.02766 10.36 0.91
0.41780 3.08 0.29
0.28215 2.23 0.20
0.32581 2.66 0.36
0.15865 1.20 0.13
0.28701 2.03 0.23
0.07054 0.59 0.07
1.99549 19.23 1.88
0.45987 4.20 0.49
0.44213 3.93 0.42
0.19416 0.98 0.18
0.28832 1.90 0.27
0.55376 4.98 0.50
0.21478 1.46 0.17
0.35241 2.34 0.46
0.13180 1.22 0.14
0.39866 2.30 0.43
0.43447 2.72 0.42
1.45353 12.77 1.19
0.42257 3.28 0.46
0.08209 0.50 0.07
0.84469 5.65 0.81
0.60668 4.91 0.52
0.29280 2.16 0.26
1.17412 8.29 1.21
0.39667 3.38 0.39
0.17171 1.57 0.19
0.31502 2.26 0.33
0.07077 0.73 0.06
0.15591 0.96 0.12
0.82913 5.86 0.69
0.48464 3.57 0.32
0.19147 1.50 0.13
0.39563 3.54 0.39
0.23695 1.16 0.26
1.10822 10.03 1.24
1.53698 10.35 1.76
0.35734 3.51 0.33
0.12947 0.87 0.12
0.42823 3.14 0.36
0.15992 1.29 0.17
0.18922 1.15 0.17
0.15551 1.09 0.18
0.07829 0.69 0.06
0.76011 5.24 0.84
0.77763 5.13 0.78
0.51558 4.31 0.50
0.74861 5.32 0.76
0.07816 0.76 0.05
0.42194 3.03 0.32
0.69828 5.06 0.65
0.19152 1.39 0.18
0.65461 4.22 0.61
0.72656 5.93 0.78
0.47520 3.88 0.39
0.34576 2.86 0.27
0.57851 5.31 0.48
0.25489 1.86 0.28
0.67042 4.09 0.75
0.13598 0.92 0.14
0.13394 0.85 0.16
0.62729 4.33 0.61
0.43278 3.25 0.50
0.34076 2.45 0.32
1.28595 10.78 1.35
1.25675 8.44 1.22
0.20076 1.17 0.14
0.44248 3.58 0.37
0.42694 2.45 0.36
1.44844 10.84 1.63
0.05485 0.33 0.04
0.79279 4.32 0.87
0.27787 2.04 0.30
1.25559 9.34 0.84
0.22762 1.58 0.30
0.44875 4.59 0.45
0.04224 0.38 0.05
0.18500 1.07 0.14
0.19801 1.69 0.23
0.50978 3.25 0.42
0.08091 0.64 0.08
0.15597 0.98 0.12
1.63478 13.30 1.71
0.45467 3.12 0.30
0.43670 2.23 0.41
0.25379 1.65 0.21
0.91851 7.05 0.79
0.30308 2.45 0.37
0.23885 2.41 0.21
0.31349 2.73 0.28
0.53616 3.47 0.50
0.13951 1.04 0.14
0.46229 4.01 0.42
0.29994 2.71 0.19
1.50988 12.61 1.58
1.00315 6.91 0.70
0.36134 1.89 0.30
0.19572 1.58 0.15
0.57409 4.40 0.47
0.05043 0.47 0.03
0.71243 6.07 0.66
0.13432 1.01 0.11
0.58511 3.91 0.49
0.07492 0.59 0.07
0.36868 2.72 0.34
0.15142 0.97 0.14
0.22538 1.96 0.20
0.40877 3.15 0.35
1.09311 6.08 1.04
1.41837 11.84 1.41
0.28775 2.17 0.24
0.14294 1.07 0.17
0.24049 1.89 0.22
1.21315 9.01 1.22
2.26265 18.97 2.18
0.85212 6.00 0.83
0.21019 2.00 0.12
0.79840 7.34 0.48
0.04259 0.30 0.03
0.46079 4.93 0.37
0.17902 1.20 0.17
0.36052 2.24 0.38
0.55886 4.01 0.52
0.54902 3.42 0.44
0.01262 0.09 0.01
1.19078 7.11 1.17
0.26341 2.64 0.23
0.13948 0.96 0.16
0.46137 2.67 0.48
0.16610 1.08 0.16
0.25041 1.83 0.16
0.70839 4.22 0.70
1.66579 8.34 1.44
0.58063 3.96 0.61
0.38313 3.52 0.35
1.34338 10.97 1.29
0.25747 2.21 0.18
0.48220 3.32 0.52
0.34228 1.99 0.28
0.22281 1.17 0.21
1.66601 12.01 1.26
0.57691 4.42 0.37
0.10789 0.63 0.13
1.78933 13.17 1.74
0.28162 2.81 0.25
0.45658 3.47 0.46
0.32746 1.62 0.24
0.59668 2.83 0.64
0.12708 0.77 0.11
0.04592 0.28 0.03
