30
10
1 2 439
1 4 294
1 5 452
1 9 83
1 12 210
1 13 639
1 16 597
1 18 811
1 20 182
1 22 22
1 24 320
1 30 637
2 3 862
2 8 47
2 9 609
2 11 721
2 12 675
2 16 905
2 17 707
2 22 294
2 23 108
2 25 869
2 26 242
2 27 429
2 29 907
3 4 788
3 7 849
3 8 227
3 9 868
3 10 885
3 12 532
3 14 364
3 15 139
3 16 806
3 17 451
3 21 813
3 27 661
3 30 255
4 5 688
4 9 369
4 10 100
4 11 565
4 16 29
4 17 760
4 19 391
4 22 750
4 25 580
4 26 366
4 27 774
4 28 546
5 6 700
5 8 667
5 9 168
5 12 687
5 15 880
5 18 495
5 20 95
5 24 418
5 27 598
5 29 617
5 30 241
6 7 329
6 11 349
6 13 411
6 18 372
6 19 192
6 24 605
6 25 95
6 26 735
6 27 909
6 28 224
6 29 914
7 8 275
7 9 71
7 13 299
7 15 822
7 18 186
7 19 166
7 22 80
7 24 770
7 25 154
7 27 148
7 28 458
8 9 561
8 11 149
8 12 384
8 14 419
8 19 328
8 22 460
8 23 271
8 25 198
8 26 521
8 27 144
8 28 287
8 30 450
9 10 994
9 13 274
9 15 427
9 20 276
9 21 29
9 23 707
9 26 644
9 27 87
9 29 645
9 30 957
10 11 960
10 14 52
10 17 45
10 18 216
10 19 319
10 23 438
10 24 791
10 29 430
10 30 729
11 12 480
11 14 692
11 15 102
11 16 200
11 17 278
11 19 377
11 20 89
11 21 920
11 22 509
11 25 305
11 26 945
12 13 122
12 14 997
12 15 941
12 17 796
12 18 400
12 20 84
12 23 748
12 24 55
12 25 716
12 30 532
13 14 44
13 15 619
13 20 336
13 21 766
13 22 399
13 25 608
13 26 19
13 27 295
13 28 708
13 29 349
14 15 348
14 16 39
14 18 830
14 19 301
14 20 462
14 21 856
14 22 137
14 27 358
14 29 850
15 16 784
15 19 889
15 20 467
15 23 567
15 24 791
15 27 619
15 29 310
16 17 48
16 19 718
16 22 318
16 23 884
16 25 506
16 26 943
16 27 49
17 18 641
17 20 403
17 23 636
17 25 197
17 27 337
17 30 654
18 19 817
18 21 442
18 26 162
18 27 309
18 30 169
19 20 723
19 22 119
19 25 157
19 27 508
19 29 701
19 30 213
20 21 414
20 22 599
20 27 889
20 28 210
21 22 868
21 24 137
21 25 706
21 29 843
21 30 278
22 23 745
22 24 802
22 28 341
22 29 696
22 30 770
23 24 46
23 27 71
23 28 571
23 29 520
23 30 547
24 25 631
24 27 734
24 29 288
24 30 56
25 26 222
25 27 840
25 30 317
26 27 191
26 29 204
26 30 988
27 28 869
28 29 802
29 30 998
