20
20
1 2 449
1 3 607
1 5 542
1 7 959
1 8 368
1 9 916
1 13 85
1 16 753
1 19 471
1 20 78
2 3 934
2 4 726
2 5 244
2 7 959
2 9 487
2 13 198
2 14 378
2 16 586
2 17 793
2 18 433
2 20 710
3 4 963
3 10 296
3 13 886
3 14 41
3 18 874
3 20 642
4 5 916
4 10 843
4 14 177
4 16 430
4 17 636
4 18 562
4 19 501
5 6 275
5 7 472
5 8 447
5 10 748
5 11 761
5 12 915
5 13 698
5 16 463
5 18 132
5 19 966
6 7 389
6 11 205
6 13 116
6 14 470
6 15 598
6 19 912
6 20 46
7 8 462
7 12 950
7 14 241
7 15 186
7 16 786
7 17 111
7 19 585
7 20 108
8 9 611
8 12 367
8 14 719
8 16 667
8 17 300
8 18 175
8 19 259
8 20 670
9 10 747
9 13 803
9 17 875
9 18 740
10 11 655
10 14 931
10 17 676
10 18 280
10 19 342
11 12 649
11 15 408
11 19 120
12 13 744
12 14 868
12 15 306
12 16 146
12 17 538
12 18 616
12 20 553
13 14 220
13 16 403
13 18 397
13 19 417
13 20 145
14 15 954
14 17 437
14 18 623
15 16 489
15 17 962
15 18 746
16 17 749
16 18 854
17 18 795
18 19 194
19 20 784
