30
20
1 2 479
1 4 26
1 9 210
1 10 854
1 14 73
1 15 351
1 20 726
1 22 160
1 26 318
1 27 665
1 30 975
2 3 563
2 10 603
2 17 624
2 20 578
2 21 223
2 26 711
3 4 681
3 16 415
3 17 33
3 18 10
3 23 955
3 27 522
3 30 622
4 5 482
4 11 508
4 16 695
4 18 678
4 19 440
4 22 46
4 25 531
4 27 127
5 6 80
5 17 671
5 20 988
5 25 222
5 29 430
6 7 151
6 8 48
6 9 798
6 13 794
6 16 77
6 20 611
6 28 338
7 8 255
7 9 609
7 20 713
7 28 534
7 29 738
7 30 498
8 9 855
8 10 813
8 13 669
8 20 772
8 22 944
8 25 475
8 26 411
8 29 287
8 30 851
9 10 307
9 13 768
9 14 604
9 16 898
9 18 568
9 25 295
9 29 398
10 11 914
10 14 407
10 23 39
10 25 246
10 30 815
11 12 84
11 14 44
11 17 971
11 19 595
11 20 370
11 25 799
12 13 164
12 19 275
12 24 868
12 26 924
12 28 450
12 30 492
13 14 527
13 21 85
13 23 547
13 28 716
14 15 707
14 22 718
14 27 781
14 28 181
14 29 651
15 16 637
15 18 393
15 21 265
15 26 543
15 30 847
16 17 906
16 19 200
16 21 551
16 26 591
16 29 248
16 30 322
17 18 369
18 19 933
18 20 994
18 22 230
18 27 829
18 29 518
19 20 84
19 24 75
19 27 411
19 30 807
20 21 738
21 22 517
21 26 576
21 28 328
21 29 365
21 30 2
22 23 350
22 24 904
22 26 307
23 24 396
23 25 820
24 25 689
24 29 16
25 26 952
25 28 411
25 29 728
25 30 507
26 27 300
27 28 812
27 29 422
27 30 489
28 29 291
29 30 99
