0.005342 2.902512 
0.007022 3.205755 
0.008896 3.251818 
0.007315 3.066341 
0.013984 3.299439 
0.010885 3.429295 
0.009035 2.842231 
0.007342 3.175320 
0.008926 3.166920 
0.013892 3.586901 
0.008450 3.296234 
0.012602 3.277655 
0.003991 2.734668 
0.008311 3.087754 
0.009280 3.444905 
0.013906 3.478093 
0.004437 2.941803 
0.008207 3.444575 
0.003720 2.646968 
0.008134 2.740445 
0.002723 2.841404 
0.006650 3.086067 
0.012977 3.471321 
0.007448 3.008221 
0.006600 2.923917 
0.004443 2.992738 
0.013369 3.426586 
0.006112 3.001981 
0.008138 2.654853 
0.012253 3.177669 
0.007369 3.312536 
0.009007 3.426939 
0.004924 2.966281 
0.008418 3.191419 
0.004576 2.867264 
0.007111 3.245979 
0.011645 3.528639 
0.009846 3.520560 
0.003950 2.632541 
0.004895 2.947801 
0.004358 2.690312 
0.012104 3.529824 
0.006507 2.687552 
0.005721 2.952872 
0.011882 3.556117 
0.008430 2.917277 
0.008045 3.190516 
0.002232 2.543590 
0.004248 2.909088 
0.008170 3.221267 
0.003957 2.842743 
0.004433 2.670593 
0.006640 3.115836 
0.009961 3.354749 
0.005155 2.951337 
0.008211 2.842746 
0.004698 2.892093 
0.009170 3.364749 
0.006340 2.967312 
0.012888 3.797227 
0.011079 3.248357 
0.006986 3.086303 
0.006245 2.947453 
0.010356 2.987150 
0.007994 3.330823 
0.009391 3.331870 
0.009272 3.293576 
0.009377 3.128250 
0.006775 3.188161 
0.003966 2.820075 
0.008086 3.156723 
0.014929 3.667762 
0.008830 3.041472 
0.007754 3.075612 
0.007459 2.881144 
0.005753 2.845105 
0.005437 2.938234 
0.009318 3.152605 
0.005919 3.038665 
0.009406 3.153736 
0.009377 2.956172 
0.009495 3.278672 
0.006099 2.866149 
0.008653 3.067496 
0.009943 3.129876 
0.008696 3.221533 
0.010141 3.163235 
0.005600 2.989753 
0.008158 3.087075 
0.007146 3.018432 
0.006986 3.209046 
0.008002 3.327491 
0.008551 3.145059 
0.004590 3.065074 
0.007018 3.140862 
0.012180 3.286253 
0.014784 3.436491 
0.008700 3.295658 
0.014627 3.414162 
0.007654 3.291257 
