21
24
19
21
14
24
25
23
22
14
26
21
14
25
23
27
21
21
30
25
18
21
17
23
22
25
25
19
23
15
21
21
21
18
20
14
27
19
23
23
17
20
20
27
17
25
24
16
27
18
14
23
26
23
21
19
19
27
19
22
20
19
15
29
24
24
25
16
21
28
15
30
16
16
17
15
18
23
28
25
25
21
15
22
28
21
23
14
27
16
20
23
26
16
15
23
23
18
29
28
20
21
16
16
18
23
21
21
17
27
27
13
22
12
24
16
20
27
29
26
18
18
23
21
24
17
14
17
20
23
13
16
20
22
14
22
20
20
27
19
27
17
27
16
19
23
23
23
22
19
23
26
29
24
17
20
19
13
21
28
18
25
23
20
25
23
23
20
31
20
29
25
18
20
26
25
24
15
20
17
29
19
28
20
26
19
16
21
13
26
16
19
25
18
21
18
21
27
14
21
