9.3
12.7
4.7
4.3
8.4
10.2
10.6
9.9
9.2
10.7
7.7
10.6
7.4
10.4
11.5
7.9
12.2
9.5
10.6
3.4
3.7
7.4
5.7
3.1
7.3
8.0
8.6
11.6
11.2
12.2
5.5
13.7
11.4
3.2
11.4
9.3
8.9
9.8
14.5
6.5
6.2
13.4
5.1
13.3
13.1
5.9
12.6
6.0
7.3
7.3
5.8
6.6
8.6
10.3
3.5
5.0
4.6
5.0
8.4
12.0
7.3
12.1
3.8
8.1
10.4
9.1
9.6
8.8
5.0
11.4
3.9
6.8
9.4
8.8
9.3
11.8
7.6
11.1
10.6
7.0
4.0
3.6
4.3
4.3
12.7
9.9
12.3
7.2
3.3
13.5
9.0
3.6
7.1
10.3
3.9
5.3
6.2
9.5
4.5
6.7
6.8
11.2
10.7
4.3
13.3
8.6
7.8
9.0
6.7
7.2
7.2
5.8
9.4
9.6
4.0
8.1
5.7
4.1
9.7
7.4
10.5
9.2
4.8
3.2
10.2
7.9
6.3
7.2
4.3
6.4
14.0
10.7
4.6
7.0
7.0
3.5
5.0
7.9
3.5
11.5
12.3
6.5
11.8
5.7
6.0
11.8
11.8
12.5
8.9
11.3
