112.4
102.7
88.7
109.6
72.8
157.3
51.8
66.8
105.0
99.5
43.8
225.0
187.0
93.6
219.7
170.7
182.2
69.8
61.5
150.3
111.5
93.7
142.3
154.1
63.2
105.1
161.6
57.3
59.4
278.7
70.6
105.7
196.6
50.6
94.2
257.6
94.0
149.4
67.6
69.5
168.5
111.4
93.1
58.1
59.7
49.1
71.5
142.1
69.2
180.7
125.5
310.0
169.5
52.4
92.7
96.5
62.0
91.0
98.7
344.3
59.0
140.6
47.2
168.2
102.2
251.0
141.4
67.7
174.3
178.1
165.6
135.8
53.6
188.7
66.4
50.5
224.1
46.8
214.3
64.3
89.8
70.2
105.3
281.5
129.7
112.9
178.2
195.5
104.1
207.5
102.6
91.5
67.4
86.7
123.8
66.7
98.5
232.0
103.7
49.4
124.6
168.2
79.9
116.4
56.5
112.4
64.6
44.2
54.5
46.5
62.9
77.2
139.5
159.1
63.3
57.7
114.9
110.1
82.2
130.3
136.2
207.8
112.8
106.4
163.4
152.9
93.6
93.6
266.2
41.5
173.7
42.9
108.4
56.1
51.3
106.3
62.8
189.3
105.0
228.3
172.1
60.6
58.5
160.3
84.6
126.4
125.4
119.4
89.0
54.4
43.7
74.3
86.4
236.0
165.3
69.3
84.7
78.8
50.5
89.9
54.0
129.5
163.6
103.8
57.7
96.7
160.6
103.2
132.8
216.9
81.6
73.5
113.2
153.5
52.9
103.4
79.1
75.8
122.8
43.0
91.9
84.3
153.8
219.8
131.7
204.0
57.6
128.9
254.5
154.2
83.4
88.5
213.2
88.1
114.5
106.9
47.1
95.5
191.7
311.4
