2.692
3.941
2.072
1.291
4.249
2.200
2.808
2.690
1.424
4.276
2.395
4.492
5.994
5.424
3.783
1.924
3.220
2.269
6.814
1.258
3.891
3.907
1.115
5.469
2.548
3.164
1.835
7.409
1.639
5.999
1.521
4.543
4.630
5.032
4.202
2.937
0.828
1.304
5.870
2.674
5.260
5.717
5.156
2.376
2.734
4.893
2.000
3.725
4.394
3.543
6.418
1.445
4.929
2.463
2.947
3.694
2.245
1.998
7.096
3.987
3.762
3.109
3.922
3.438
2.625
3.218
6.240
3.986
7.161
3.915
3.059
5.381
2.104
2.934
9.203
5.091
5.614
1.766
9.867
2.472
3.235
6.668
0.351
3.189
4.407
3.649
3.150
3.384
1.611
5.548
4.196
4.106
2.946
4.030
4.586
2.757
2.995
4.075
2.511
1.790
3.067
5.638
5.491
3.053
3.172
2.618
3.565
6.697
3.175
8.421
2.842
1.942
5.317
2.405
3.972
3.660
2.647
0.990
4.948
1.600
15.500
3.575
0.851
3.923
5.435
0.921
2.027
2.474
5.443
4.324
2.749
0.694
4.121
2.979
3.052
6.256
5.987
3.602
5.172
4.809
3.282
6.950
3.166
7.250
1.614
4.124
2.396
8.118
2.211
1.268
11.301
1.959
0.989
4.418
1.621
2.696
3.991
3.943
0.626
5.241
5.006
1.009
5.172
1.580
1.530
1.315
3.512
2.886
3.174
5.776
6.972
4.887
7.314
4.754
1.938
2.363
2.978
5.627
5.455
4.935
2.040
3.734
6.279
3.376
1.071
1.545
1.735
2.157
4.674
2.506
1.151
3.879
0.324
1.341
2.474
4.095
3.969
7.055
2.125
4.502
9.944
2.717
1.534
5.027
3.842
2.525
2.522
1.703
7.854
2.575
7.137
4.250
4.143
1.705
1.324
2.053
2.223
4.263
0.783
10.244
1.911
0.557
3.403
1.860
1.922
5.444
2.364
1.219
9.386
2.070
1.604
5.243
