0.001214 2.183848 
0.003632 2.384436 
0.006011 2.390245 
0.002926 2.291639 
0.008587 2.541322 
0.006152 2.610382 
0.005617 2.176406 
0.005874 2.328869 
0.004463 2.358013 
0.008144 2.827099 
0.003863 2.508759 
0.008895 2.530778 
0.001746 2.030213 
0.004644 2.296463 
0.005617 2.682670 
0.011175 2.733607 
0.002465 2.200478 
0.002896 2.589460 
0.000496 1.977108 
0.002958 2.127407 
0.000743 2.007779 
0.003202 2.293176 
0.008570 2.668023 
0.002483 2.331929 
0.002689 2.249548 
0.002469 2.262979 
0.006806 2.718291 
0.003178 2.279097 
0.004832 2.004845 
0.008752 2.524906 
0.001719 2.446998 
0.003165 2.576694 
0.001477 2.194682 
0.005532 2.459532 
0.002168 2.113362 
0.005395 2.499493 
0.004212 2.666951 
0.007685 2.731375 
0.001481 1.858189 
0.000734 2.129444 
0.001025 1.998297 
0.009199 2.693675 
0.001502 1.977052 
0.002239 2.149406 
0.009268 2.806288 
0.005207 2.136983 
0.003657 2.482578 
0.000000 1.861203 
0.001499 2.125906 
0.005694 2.450873 
0.001484 2.024459 
0.002217 2.041619 
0.003443 2.424291 
0.005588 2.593100 
0.001227 2.198049 
0.004230 2.203513 
0.000989 2.180724 
0.002654 2.528840 
0.003901 2.219184 
0.007160 2.980960 
0.008430 2.524992 
0.004818 2.306019 
0.003497 2.310345 
0.006566 2.278339 
0.003634 2.510461 
0.006261 2.444953 
0.002853 2.492118 
0.004088 2.431017 
0.003387 2.311361 
0.001487 2.063643 
0.001715 2.354257 
0.009150 2.785635 
0.005151 2.299230 
0.004502 2.332368 
0.004724 2.119535 
0.002251 2.256441 
0.002719 2.222353 
0.003678 2.395030 
0.002959 2.383162 
0.005446 2.415901 
0.005829 2.192341 
0.005997 2.500482 
0.001464 2.113745 
0.004944 2.304995 
0.005966 2.388890 
0.003727 2.430254 
0.008160 2.456184 
0.004382 2.224800 
0.004203 2.328894 
0.003696 2.290424 
0.003373 2.437926 
0.006305 2.615155 
0.006538 2.354236 
0.002658 2.303529 
0.002420 2.258111 
0.009501 2.490068 
0.010179 2.754459 
0.005317 2.487980 
0.012677 2.656533 
0.003210 2.544263 
