2.555859857
3.021951232
2.465070149
2.655700048
2.177347818
2.807753295
1.4850884
2.992497264
2.024786799
2.207231212
2.369696683
1.907782948
2.192321114
2.226690774
2.346998417
2.061740608
2.039543078
2.192250054
2.908356476
2.418226046
2.20642103
2.680441828
1.854588658
2.199485543
2.62093821
1.570595945
2.234634616
1.918117361
1.495906292
2.002434739
2.404357899
2.355327222
2.296760694
2.414761332
1.980060626
1.608910248
1.811587347
1.561526855
1.849615524
2.004855509
2.075226978
2.312086523
2.278902928
2.198665096
1.416875522
2.066729487
1.666307549
2.092680443
1.466592871
2.334939693
1.788169075
2.881047329
2.115691517
2.962272135
1.679525534
2.066681345
2.526488278
2.070742496
1.647906756
2.386770695
2.135793684
1.892091648
2.267780309
2.867710777
1.714418821
1.596989065
2.490286499
2.888347324
2.266353818
1.657837567
2.404944376
2.012856701
2.102245049
1.488824234
2.470349912
2.123584614
1.764322793
2.605334762
1.41683696
2.403856935
2.161634736
2.819771444
2.237865194
2.270107298
2.409770629
2.236162028
2.206905045
1.491791337
1.939644647
2.198797533
1.906933613
2.054213997
1.471365841
2.368474043
2.165449743
2.251670433
1.94819235
2.675739464
2.138467071
1.659755767
2.679446923
2.338863831
2.210708117
3.127757869
2.200560455
1.846199693
2.084351083
1.805546529
1.353452218
1.980791825
1.704801035
2.094253075
2.216640359
1.787841788
2.358611644
2.694711172
2.216679832
2.61147103
1.557217639
2.589511502
2.016271286
2.087350235
2.152552553
2.035677917
2.569189383
2.075032008
2.166824775
2.573251475
2.114139175
1.804564279
2.036348991
3.023957562
2.167099772
2.697576396
2.392299785
1.502300188
2.524811762
2.519743101
2.217558783
2.368932277
1.27851692
2.30327427
1.688472514
2.317193745
2.766528565
2.34137248
2.312427359
2.289470781
2.665365219
2.227433659
1.873849145
1.500906087
1.870737609
1.831429976
2.471027656
2.471794549
1.600489511
2.298494685
2.40495137
1.991941087
2.292484673
3.061795
2.317723164
2.118080849
2.844568661
1.851703151
2.115242444
2.229644272
2.187473297
1.638924456
2.018294755
1.95005275
2.685367113
1.711316985
2.448677021
2.198235331
1.95135385
1.628922632
2.210004572
2.163878323
1.869540196
2.195481004
2.285138394
2.339385493
1.629335879
2.58291241
2.026278297
2.472703918
1.676772012
2.170901202
2.001329579
1.608618721
2.739375747
2.620907614
2.114828583
2.064953383
1.862637067
1.918281091
2.500417194
2.460222389
2.324656844
2.314828911
1.614947167
1.66613863
2.70093551
2.314440533
2.164395471
1.842353513
2.866518731
1.733463669
2.169202649
2.461939154
1.968539796
2.664401436
1.898193289
2.232997255
1.417245634
2.471831211
1.912231559
2.174417275
1.912859756
1.800713667
2.087809048
2.570390169
1.469099863
2.585680845
2.520007821
3.016952226
2.325685464
3.047995774
2.630062701
1.309741006
3.044152621
2.680350386
2.103293718
1.633283911
2.44864324
2.255127783
2.914809209
2.398963277
2.667345134
1.817768689
2.323653559
2.301631847
3.067836101
1.741385541
2.838184637
2.308961812
2.351212344
2.597180124
2.307304059
1.697326102
2.453495558
2.325606021
1.790610486
1.990324239
1.62283711
2.083258538
1.699689929
2.015952853
2.363493539
2.348237557
2.663091654
2.87037037
2.489567862
2.863772378
1.646054925
2.001368123
3.061375121
2.643212503
1.853598347
1.975894792
2.46010062
2.008795017
1.804359865
1.801445258
2.323400393
2.540092408
2.230237137
2.684271159
2.5714077
2.1092455
2.277507705
2.159019313
2.411466687
2.861130011
2.233402788
1.993433358
2.338383055
2.238969075
2.751777741
2.277947101
2.101938504
1.945945946
1.722818086
2.364195234
2.763750985
1.985603103
2.341496126
1.851434128
1.654174205
1.619947233
2.08035993
2.693810935
1.374127751
2.412960326
2.702286072
2.089331857
1.836565023
2.209938339
2.229147809
1.507387505
2.178320385
2.124514594
1.984431125
2.700188705
1.913163835
1.549357701
1.538785201
2.715314083
1.727065592
2.172849368
2.806094486
1.883439881
2.663205089
1.963694909
1.914903376
1.791373019
2.006786499
3.156183299
2.325396825
2.348855373
2.319628497
2.293093944
1.752496827
2.697127648
1.543496985
2.157780528
2.185945373
2.299579397
1.729145559
1.861793337
1.929234445
1.873763482
1.347512219
1.741090513
2.537193143
2.435386938
2.08515771
2.496069037
2.83907601
2.268983328
1.94099807
2.018342973
1.991146197
1.973010332
2.175332985
2.529142855
2.387994376
2.367383136
2.339181287
2.531419906
1.695777987
1.604951582
2.273589208
1.797509647
2.956190914
3.092331328
2.072798204
2.375523883
2.360293583
1.550105964
2.142356119
2.62084841
1.483799919
1.921335165
2.14822181
2.13898813
2.044486821
2.492081145
2.042575593
2.837708046
2.265361429
2.799014289
2.082455167
2.890087246
1.441281271
1.660778091
1.766651916
2.769484521
2.258322815
2.194110185
1.89660138
2.198797533
1.654438187
2.742727939
1.557800224
2.266489597
1.850632419
2.017574969
2.106168791
2.195750778
2.350269382
1.955119904
2.180030579
2.619784553
1.935072606
1.781969238
2.724262554
2.401936922
1.672762356
1.997892691
1.936112393
1.662394477
1.901325443
2.415836965
2.283910473
1.924101227
2.256690636
2.074376067
2.556041529
2.805863817
2.63167732
1.358330386
2.784878977
2.342684104
2.242757925
2.88780124
2.32433414
2.793128822
1.541024456
1.592449592
1.763874106
2.726046735
2.284089516
1.655029739
1.999498946
2.972965175
2.507487817
2.564912459
2.217449332
1.671135514
2.513010805
2.071528595
1.854585115
2.193951595
1.904071254
2.226303611
1.672795875
2.237496394
2.580401543
2.34409796
1.671679129
1.771480717
2.667921594
2.031825555
2.14784488
2.046020594
2.620030072
2.161520732
1.69482626
2.530683511
2.158564013
1.941716276
2.161531818
2.107928081
2.286658934
2.770103901
1.698175788
1.825746802
2.274833386
2.403627077
2.72934275
3.050833318
2.706715001
1.843052556
2.952155426
1.46135753
2.419424762
2.391767308
2.369002135
1.971216054
2.535274795
2.588657134
2.235081521
2.780536246
2.482444082
2.322975273
2.09382716
2.403841582
1.917803446
2.71348096
1.806506245
2.602973621
2.825428178
2.172174763
2.430905618
1.456573683
2.469850458
1.443115082
1.415770609
2.282179936
2.387681058
2.430245996
2.407407407
1.701057773
2.374912553
2.434190772
2.351944458
2.617445743
1.533852606
2.001397957
1.503125756
2.218794786
2.265418766
1.940743439
2.372017605
1.964101587
2.164010643
2.363104141
1.766156283
2.588726514
2.239087141
2.640859169
2.750627024
2.138901854
1.681988201
2.45521157
2.70129169
2.895958717
1.989346647
1.759740438
2.25261979
2.473981564
1.960303847
2.757845936
2.340247134
1.728460296
2.641752554
1.976534648
2.158205931
1.795389839
2.393613072
2.204859908
2.192364221
2.13445931
1.834004495
2.512370547
2.210064416
1.442355095
2.880428172
2.26126697
2.268297005
2.716425661
2.727462578
2.073500871
1.699472234
2.233081435
1.842947807
2.87467628
2.10197559
1.562992805
1.944124578
2.862218721
2.372247148
2.518762302
2.108801752
2.512516996
2.686708646
2.241428007
1.633619543
1.587658436
2.516571172
2.112864954
2.124160821
2.128402859
2.562456667
2.825766669
1.444213657
2.464246425
1.881192141
1.348777094
1.752255955
2.160557142
1.74532691
1.915418396
2.499424253
2.146496264
2.739072476
2.055736518
2.400792396
1.572945594
2.730096907
1.576690469
2.448348596
1.892836273
1.87051912
2.547068728
1.967755799
1.831464693
2.568480012
2.380245495
2.468815941
2.392207076
2.531225075
1.69792901
1.823727153
1.878402889
2.751072707
2.430930391
2.16357304
2.849460295
1.49678759
2.790989892
1.88634567
2.178201679
2.308389211
2.293736323
2.689993958
1.97701591
2.024455414
2.691140167
1.529084368
1.673885297
1.750759585
2.037463404
1.677985228
1.963590168
2.881404229
2.707521228
1.661516755
1.811974353
2.100785168
2.276443225
2.296756384
2.523010859
2.339839569
1.670598866
1.663093614
1.596081051
1.874016001
2.061956887
2.149296172
2.854270622
2.184813665
2.914749971
1.430519234
1.435164329
2.084751185
1.984448547
2.404055096
2.682547062
2.659602099
2.276604462
2.335824452
2.291712653
2.258159365
2.117565534
1.712895377
2.202840434
2.538374998
2.074140553
2.301184433
1.621597654
2.408426219
2.049388372
2.192606612
2.096657072
2.086347662
2.158835214
2.717470007
1.4006458
2.052739963
1.851671717
1.508922939
1.608054428
2.082675319
1.841929164
2.472057857
3.051186258
2.206566325
2.118508118
1.786694891
2.401526918
1.77931973
1.953901176
1.94642899
2.553835569
2.390289449
1.910830345
2.679027953
2.713762116
2.9499991
2.825107543
2.037103863
2.35948363
2.615638365
1.825181805
2.331267898
2.237668457
1.869524923
2.293798805
2.14645491
2.411721656
2.415114683
1.925600842
2.377976693
2.191656216
2.291267101
2.683755429
2.172406478
2.174586519
2.786187791
1.810117632
1.960762786
2.258717024
2.498083412
1.828392065
2.474257463
1.610829325
2.271956417
1.549233396
2.716698563
2.652006433
2.251240004
2.060056753
1.979138943
2.152394796
1.861123755
2.722014291
1.813339378
2.087987349
2.804218415
2.196107791
2.068030442
2.763046586
2.104430709
2.406644431
1.871620187
2.753424929
2.958449336
1.579954329
2.632786184
2.909938733
1.974574872
2.195192424
2.033675719
2.36623427
1.954684857
2.033986742
2.066254391
1.547471162
2.024337741
2.15456389
2.9529821
2.143411299
2.558018436
1.902179325
2.253573331
2.114788267
2.2596054
1.874309208
2.771278065
1.752205998
2.057477576
2.002316382
2.59798678
2.58020499
2.19542263
2.426491087
2.121171948
2.424604955
2.202698895
2.642254532
1.993385479
2.394061605
1.867343495
2.387085494
2.154301086
2.857102493
2.297509536
1.698273278
1.826144072
2.514768614
2.761801232
1.85667913
2.506250766
2.277562565
2.024457983
2.465772274
1.985650572
2.386001555
2.924741904
2.394403083
2.323684472
2.371368421
2.717654618
2.785939711
1.874580024
2.976674161
2.867528603
2.096909739
2.248134365
2.322280538
2.151486501
2.01185402
2.379107205
2.741114547
2.59783562
2.528366468
1.435700224
1.874460476
2.558027545
1.933554749
1.888709174
2.63294554
1.641053083
1.780764814
2.498989051
2.207865626
1.732515802
1.902604637
2.302073947
2.098360656
2.008350462
2.423733134
2.600767444
2.040646449
2.934074388
1.751437795
2.010353557
2.095300979
2.228373461
2.545138977
1.392511313
2.574378533
1.915444573
2.793977724
1.911382302
2.08569123
2.294480574
1.728734336
1.993726734
2.506918721
1.960885778
1.876470815
2.377818293
2.021405598
2.765836461
2.042628494
2.061191626
2.06442031
1.83369572
2.321564022
2.3224841
2.352820196
2.610845102
2.075666627
1.735296945
1.924466016
1.805120037
1.963437078
2.136060919
2.045101799
2.384471489
1.91025352
1.657700737
2.301372065
1.632287649
2.128757683
1.711333941
1.549969096
2.088266695
2.115906555
1.974440832
2.909415042
2.558922559
1.645165165
2.427711283
1.813418425
2.249962235
1.787238287
2.314140809
1.951891848
1.452509987
1.849297976
2.183246054
2.299356239
2.870048613
2.477059343
1.840909844
2.120437404
2.467330512
2.569995481
2.37558246
1.959339193
1.487795428
2.29625088
2.180068553
2.650979355
2.423505155
2.138839256
1.900801179
2.240018983
2.098537726
1.822157648
2.473649441
2.191941679
1.582111793
2.37443137
2.145071918
2.129253922
2.235435985
2.112553637
2.384774981
2.002847799
2.706545929
2.615007793
2.003600219
3.04327592
1.906677094
1.767323742
2.040980249
1.771884449
2.028526149
1.698382573
2.850815585
1.957747825
1.646111942
1.84948826
2.078724226
1.694484049
1.424109081
1.939961766
2.613328229
2.322764635
2.441535799
1.958431264
1.65374677
1.493649298
2.050514569
2.179273101
1.660950969
2.093595554
2.838182263
2.161772794
1.407194772
1.34909462
1.723498758
1.734417344
