0.288847176
0.302195123
0.221856313
0.284539291
0.293875166
0.276016426
0.300095583
0.224577656
0.304806615
0.32165681
0.328422781
0.174796867
0.282747957
0.291263817
0.195105003
0.146107602
0.287259588
0.231872602
0.236977194
0.300460952
0.321769734
0.139556217
0.222550639
0.295052939
0.335301264
0.277630596
0.180837483
0.242625824
0.222248935
0.267931409
0.213720702
0.206306034
0.395514681
0.363684985
0.21838904
0.26613553
0.29267985
0.246556872
0.264230789
0.189347465
0.312787834
0.223983382
0.276457076
0.301531213
0.267335004
0.27246273
0.2413273
0.148660359
0.19886005
0.191674154
0.255452725
0.271662031
0.21886464
0.195274158
0.207141483
0.284850508
0.238347951
0.256953448
0.189787014
0.276362923
0.362945332
0
0.215979077
0.270538753
0.223619846
0.241405324
0.29767273
0.245509523
0.360685382
0.250603353
0.38676006
0.160017897
0.320681448
0.303587064
0.272465064
0.351090233
0.258983162
0.267313158
0.262852106
0.251149232
0.205488734
0.272881108
0.16489533
0.279803923
0.22572535
0.220140303
0.197045093
0.24863189
0.358512518
0.296134348
0.285391425
0.288873843
0.235418535
0.213627071
0.265699355
0.286123867
0.275924238
0.290329502
0.240754571
0.310064264
0.258543124
0.289519552
0.327512314
0.32115371
0.316880706
0.328043747
0.337466366
0.271140093
0.292638317
0.136921094
0.257328458
0.327227043
0.172763251
0.230880231
0.267789968
0.26418737
0.20774467
0.21962437
0.197393785
0.290203875
0.204035886
0.319241801
0.230630631
0.306390299
0.266513421
0.235799092
0.27389639
0.246539063
0.259631127
0.354467983
0.154659417
0.24741471
0.251988346
0.26975764
0.239229979
0.268267891
0.275819772
0.22753533
0.220860498
0.251012692
0.255703384
0.327620909
0.292898293
0.320842211
0.288323076
0.183929473
0.295752512
0.245300441
0.266536522
0.31254043
0.234231143
0.336566819
0.222026438
0.21210042
0.260915964
0.174637658
0.221344294
0.274903019
0.259357501
0.165995091
0.35268995
0.221334578
0.246725369
0.306968239
0.31054243
0.244718478
0.166992825
0.271434955
0.380782389
0.291364348
0.295566177
0.214505803
0.236275956
0.254217378
0.275476165
0.194597882
0.314734492
0.320848397
0.206017375
0.17152694
0.243853069
0.25930878
0.350142173
0.248314661
0.27155598
0.304634588
0.255160971
0.179833012
0.229793167
0.197354655
0.248340167
0.230878194
0.343904315
0.316534736
0.268076863
0.265329206
0.251545842
0.280198362
0.226168389
0.196355778
0.22679579
0.354310548
0.332489123
0.276641886
0.214451961
0.205001793
0.292669828
0.298760029
0.282467174
0.234604106
0.268567947
0.290607517
0.259377643
0.254685431
0.273743245
0.295543754
0.183917372
0.285997
0.265587717
0.334525735
0.197882044
0.201441704
0.256789348
0.289621427
0.227042706
0.332374853
0.316439338
0.232073248
0.365760622
0.256623611
0.23498842
0.230646215
0.250002872
0.274227267
0.270720974
0.287549984
0.213471462
0.285181529
0.310536574
0.255678981
0.27914077
0.29084299
0.162493256
0.146346534
0.246946559
0.235812625
0.303874158
0.245634235
0.261245816
0.26078243
0.237322703
0.237203958
0.255769807
0.299617954
0.310372484
0.195065
0.204328159
0.281852626
0.258068104
0.243865264
0.244361196
0.356284319
0.234427082
0.324074074
0.316854092
0.252983426
0.192296136
0.275188117
0.263441776
0.253887517
0.17218058
0.290998338
0.262625121
0.2417994
0.257765695
0.326015615
0.301181532
0.290733468
0.312233199
0.211916144
0.252465483
0.2537751
0.240949265
0.247652215
0.249836639
0.251068081
0.173468178
0.226059453
0.286782827
0.272491165
0.282233614
0.22121796
0.168768785
0.33033033
0.23928029
0.282291968
0.262253743
0.285600446
0.309254205
0.251238452
0.220556561
0.307006129
0.234212707
0.2473908
0.231594565
0.298732804
0.227936732
0.273163529
0.200248523
0.30332487
0.254019169
0.299788551
0.252558885
0.280596267
0.33539681
0.301509905
0.271691906
0.261051516
0.215429928
0.305884602
0.358447576
0.246161584
0.22716003
0.172586125
0.329954613
0.221185416
0.189683825
0.149281085
0.196468608
0.341919857
0.214285714
0.245885686
0.289953562
0.21167021
0.189459116
0.148263157
0.248062016
0.30606816
0.183293556
0.175850189
0.218326459
0.267597207
0.21958766
0.265492373
0.241385063
0.198981773
0.16728746
0.255868089
0.359165921
0.252766485
0.268421732
0.293403017
0.233682814
0.31536609
0.21051766
0.222759231
0.14851671
0.205643083
0.273113726
0.224042568
0.233918129
0.332680821
0.178502946
0.26578816
0.245793428
0.23932848
0.216705558
0.350264066
0.358028781
0.274854003
0.220914178
0.312174118
0.293351668
0.219711843
0.296759984
0.217100019
0.282861947
0.295032845
0.208621104
0.208316381
0.189517323
0.176830472
0.283170179
0.301432308
0.113588464
0.308650094
0.34135609
0.221437079
0.32366142
0.316286598
0.17371714
0.263293222
0.226270138
0.299836027
0.23784735
0.260811552
0.276094276
0.266645835
0.25405721
0.285823121
0.203610912
0.154994173
0.206163981
0.277683696
0.272503822
0.256631956
0.295688077
0.268253434
0.157168994
0.234435624
0.381704162
0.273353527
0.196892786
0.174988892
0.203988357
0.271442356
0.28840196
0.266927338
0.202848597
0.25992182
0.294057875
0.308219889
0.33494075
0.18446462
0.270752123
0.319456923
0.311894792
0.25457201
0.291893125
0.248999856
0.241905002
0.21964822
0.302754511
0.215214216
0.238448906
0.25744907
0.251509301
0.240053089
0.290122557
0.260838555
0.316778476
0.296743689
0.209106397
0.210874168
0.244560674
0.213875784
0.285610688
0.208967126
0.255307478
0.195509394
0.257260577
0.208273512
0.158927241
0.215899212
0.179427873
0.278332268
0.226565916
0.285491246
0.342363276
0.350516875
0.233769139
0.284838837
0.372166209
0.264558843
0.248775649
0.230718496
0.26165749
0.282663663
0.181947406
0.263736425
0.279840615
0.228605836
0.351974065
0.244066665
0.302499733
0.307175426
0.269083404
0.290741289
0.235283509
0.316557438
0.293193334
0.223539965
0.25938455
0.251869343
0.277219413
0.308948472
0.245516448
0.221587466
0.197530864
0.152141872
0.267600481
0.289503394
0.281012083
0.261934452
0.237703327
0.184082607
0.322854652
0.290597213
0.281649614
0.19385128
0.268817204
0.191864685
0.286521727
0.270027333
0.308641975
0.189644954
0.25584538
0.313170743
0.211252496
0.207094608
0.219121801
0.169609996
0.265257486
0.269827187
0.230381569
0.231135769
0.249992051
0.262714225
0.22131927
0.214827649
0.279848707
0.185571793
0.275579956
0.214503874
0.296101493
0.309771993
0.28614737
0.261889234
0.204167395
0.345786115
0.326203425
0.28155847
0.245740341
0.20616513
0.243948923
0.236080197
0.297105892
0.225451343
0.259921986
0.260979332
0.154848856
0.237799979
0.272234963
0.328429976
0.25182562
0.189294557
0.289579657
0.263969711
0.261546085
0.27737598
0.198948492
0.267637878
0.272195641
0.194405705
0.217472099
0.295075124
0.302128397
0.273438543
0.290991759
0.27049537
0.245557896
0.242952249
0.253581467
0.206263093
0.315298672
0.325311534
0.35349856
0.234433635
0.260004063
0.23498842
0.257208183
0.253584334
0.239673445
0.313628392
0.321842549
0.195266317
0.29385971
0.25907882
0.27899582
0.30174446
0.2583882
0.284507668
0.291021531
0.236557351
0.306893607
0.211754798
0.290630727
0.226200279
0.299352183
0.231632284
0.332694077
0.217314852
0.237399731
0.165967418
0.234773153
0.274766556
0.263630212
0.239468
0.282904188
0.196629645
0.25715783
0.301361554
0.173185596
0.313288235
0.278908376
0.219395321
0.313453104
0.238848643
0.326175087
0.247357829
0.221388869
0.228642752
0.167832018
0.301568823
0.263264262
0.221733105
0.116328275
0.169123416
0.246582779
0.276577355
0.169174547
0.18142518
0.295391298
0.20532993
0.254515711
0.327449476
0.322911247
0.204540642
0.340419065
0.309430997
0.325079365
0.31976018
0.242757397
0.272027807
0.38868185
0.290346488
0.246298902
0.214179342
0.277182269
0.20789291
0.282426273
0.340579307
0.219636105
0.28074793
0.186465578
0.190410802
0.228883077
0.169144367
0.223366198
0.265957022
0.304700006
0.290924118
0.239364189
0.262226692
0.263069338
0.261611033
0.250906596
0.301507675
0.259529603
0.235254804
0.146444711
0.287188692
0.315848844
0.291887578
0.317051278
0.260615862
0.12897686
0.207227734
0.213464996
0.327406288
0.286506422
0.299560084
0.267478238
0.308611953
0.293055282
0.226486539
0.245020626
0.219504512
0.184089415
0.355743689
0.294419897
0.26047231
0.202884768
0.217601286
0.313997599
0.171626455
0.265811889
0.242174063
0.334269113
0.289990513
0.323640961
0.193136302
0.23046868
0.308567571
0.197393785
0.198693358
0.336296361
0.28391717
0.208326067
0.260550437
0.314381994
0.234980451
0.219345757
0.194195379
0.301889335
0.172640076
0.288239599
0.32532397
0.327323872
0.242143347
0.261493372
0.281417079
0.276316145
0.265118239
0.227528787
0.239903812
0.217461015
0.18833223
0.155722498
0.252129807
0.348666579
0.311577666
0.213672921
0.363813157
0.256436211
0.373460581
0.330937987
0.346572043
0.307490012
0.205663302
0.209541439
0.286899025
0.212733811
0.216758691
0.266025356
0.25478013
0.239745271
0.2929828
0.261399467
0.253771883
0.239066613
0.278372906
0.310609606
0.310007678
0.270761103
0.214747085
0.232634492
0.219309518
0.313181552
0.247923757
0.29730279
0.304446416
0.237422328
0.132034556
0.273374145
0.25563621
0.336265334
0.156880769
0.308383719
0.292816837
0.177223953
0.294362664
0.24350142
0.141618413
0.366099213
0.308048674
0.263309471
0.242583375
0.19209948
0.259517763
0.358242373
0.219774133
0.305265336
0.26510915
0.254474742
0.216130562
0.298505631
0.290097196
0.240107861
0.25316098
0.319098547
0.195954609
0.1896875
0.241142196
0.274071878
0.198286121
0.270314663
0.231199656
0.242934958
0.19983594
0.244710458
0.25872306
0.226002783
0.138343289
0.328923373
0.191625731
0.19922656
0.222875177
0.249837915
0.189268299
0.251877512
0.197436307
0.2016264
0.314293607
0.233077704
0.227944052
0.282266956
0.267982077
0.303080822
0.270207103
0.263700041
0.266370699
0.256830075
0.225139936
0.371284709
0.302141292
0.306805576
0.274971038
0.232873686
0.309639692
0.242552212
0.272762789
0.243804165
0.252580449
0.293136798
0.279661515
0.314742557
0.297970499
0.241156799
0.218929724
0.236713985
0.187814093
0.1931257
0.280396667
0.312114605
0.318268134
0.325718111
0.262681666
0.263638938
0.239123835
0.302373409
0.255552032
0.329239277
0.217992932
0.314340468
0.285311352
0.27584899
0.288772228
0.181962925
0.215723141
0.26477758
0.267335004
0.265060282
0.305365925
0.233445567
0.222119389
0.236008597
0.312465944
0.318208486
0.292853524
0.339787301
0.2766043
0.328624757
0.267115337
0.298611921
0.276126694
0.198357353
0.237851303
0.239846348
0.320099172
0.207434417
0.312146554
0.307098043
0.190295664
0.374893829
0.285236769
0.336700337
0.215255255
0.330398577
0.234349458
0.281245279
0.218845504
0.29753239
0.187681908
0.267053406
0.235365197
0.24464743
0.347249718
0.250087224
0.254057368
0.265260785
0.285443497
0.258423645
0.180184185
0.297654265
0.198485881
0.236158004
0.217998501
0.232870959
0.169211448
0.263511269
0.232942889
0.23820782
0.265764964
0.262317216
0.262991826
0.252413208
0.243549075
0.270624386
0.282765898
0.237242977
0.338292679
0.26020948
0.286050548
0.274054268
0.277060612
0.162392756
0.171008684
0.200360022
0.228400018
0.270112588
0.299813849
0.264665768
0.227961742
0.225391794
0.279480677
0.248366509
0.326291304
0.295930237
0.273998261
0.18174638
0.281075553
0.245889338
0.298832494
0.259847977
0.273141876
0.198858119
0.306742246
0.232687988
0.2680909
0.215124759
0.182427839
0.342735914
0.276602602
0.252507319
0.286575068
0.2084733
0.305095603
0.246214108
0.18583043
