0.32497
0.21649
0.11539
0.08997
0.21294
0.59771
0.36966
0.50663
0.52259
0.25645
0.56296
0.56955
0.69414
1.34769
1.98275
0.52564
0.59412
0.53976
0.3961
0.58695
0.18564
0.59108
0.11503
0.42418
1.01799
0.35859
0.22021
0.62135
0.33276
0.20171
0.15971
0.16545
0.40993
1.06368
0.19537
0.47027
0.56368
0.03461
0.04306
0.25538
0.47288
0.39368
0.38069
0.2264
0.1064
0.42803
0.24752
0.24874
0.11443
0.16324
0.65696
0.39788
0.42888
0.77202
0.50808
0.46933
0.05967
0.94094
0.61449
0.33965
0.40753
0.00451
0.02634
0.05257
0.11448
1.07224
0.39178
0.19696
1.00155
0.29511
0.4045
0.33774
0.07983
0.68397
0.31319
0.83448
0.17573
1.46844
0.88736
0.07928
1.06586
0.25017
0.12075
0.53879
0.9325
0.2455
0.28871
0.29745
0.92828
0.38421
0.21927
0.17724
0.04833
0.61249
0.21411
0.22865
0.34019
0.725
0.20085
0.46786
0.36306
0.50106
0.59058
0.40742
0.32315
0.37285
0.14329
0.46159
0.15552
0.62323
0.08843
0.30424
0.9714
0.48048
0.27617
0.69984
1.28705
0.82889
0.12969
0.38226
2.00749
0.11583
0.037
0.54774
0.26682
0.12063
0.46733
0.3692
0.15338
0.08827
0.11035
0.10347
0.11288
0.0949
0.02378
0.21206
0.26813
0.33753
0.95304
0.18131
0.05562
0.28651
0.49528
0.07979
0.41435
0.5722
1.43303
0.38266
0.17075
1.21954
0.09715
0.3127
1.29394
2.23961
0.18533
0.21174
0.16706
0.74499
0.36192
0.11995
0.01613
0.38554
0.38045
0.37065
0.22899
0.3487
0.0511
0.14671
0.35109
0.0781
0.33683
0.29173
0.62601
0.45875
0.09293
0.39466
0.45188
0.11525
0.30375
0.21558
0.27995
0.16454
0.15435
0.87058
0.27234
0.8777
0.18951
0.44288
0.79221
0.20178
0.38943
1.13345
0.23986
0.44931
0.19099
0.24657
0.47493
0.13197
0.22638
0.49253
0.20067
0.72253
0.23954
0.45241
0.49076
0.95739
0.83583
0.11425
0.27189
0.21824
0.27537
0.51876
2.08362
0.14519
0.78971
0.17324
0.52584
0.13924
0.1071
0.20407
0.12937
1.62385
0.25477
0.15714
0.63894
0.58194
0.49439
0.03677
0.41217
1.80671
0.31472
0.34531
0.19342
0.32155
0.13659
0.2473
0.22652
0.64832
0.40303
0.90113
0.36684
0.07824
0.3501
0.2138
0.29948
0.15681
0.46803
0.1158
0.38108
0.53446
0.21574
0.53962
0.30027
0.39873
0.23828
0.86034
0.72389
0.46423
0.31964
0.17496
0.71006
0.17564
1.21336
0.06144
0.12568
0.28109
0.3698
0.1137
0.31312
0.81786
1.33813
3.53847
0.53071
0.61171
0.08828
0.68054
0.33055
0.18589
0.06377
0.16107
0.3042
0.68372
1.85341
0.44794
0.26186
0.54381
0.13118
0.13841
0.12894
0.62632
0.12094
0.47575
0.74158
0.4736
0.23775
0.08061
0.282
0.20915
1.35207
0.73591
0.3869
0.43546
0.20646
0.10348
0.18423
1.84721
2.07153
0.38528
0.49716
0.4595
0.54869
0.67366
0.0901
0.07096
0.10177
0.42453
0.50253
0.839
0.18485
0.60444
0.17458
0.60087
0.21287
0.37907
0.12069
0.52726
0.31491
0.13338
0.40538
0.43259
1.0752
0.43959
0.02943
0.5644
0.30027
0.9017
0.1032
0.18587
0.419
0.21028
0.32571
1.49877
0.18135
0.55712
1.07233
0.05718
0.10202
2.14555
0.57021
0.45013
0.27552
0.14542
0.59644
0.18039
0.32428
0.44692
0.32559
1.06506
0.40618
0.38088
0.10944
2.42822
0.03187
0.27825
0.55548
0.5586
0.69567
0.56846
0.3019
0.28977
0.24464
0.26424
0.31998
0.72499
0.01917
0.26204
0.37207
0.34708
0.27269
0.36867
0.13508
0.3378
0.08036
0.13211
0.15025
0.30412
0.14999
0.33398
0.21092
1.43892
0.16374
0.06482
1.11882
0.02846
0.81322
0.33809
1.2672
0.04267
1.142
0.16918
1.29921
0.66067
0.13797
0.50193
0.11482
0.53202
0.75996
0.2969
0.27147
0.69159
0.7601
0.70759
0.26004
0.03251
0.73904
0.10479
1.95283
0.25575
0.11218
0.56906
0.12575
0.26763
0.17834
0.16962
0.14708
0.13356
1.57774
0.35755
0.26311
0.26274
0.31748
0.1036
0.21609
0.95161
0.22665
0.30936
0.22619
0.15404
0.13726
0.26172
0.25142
0.36425
0.76176
0.22931
0.13957
0.82457
0.11951
0.35391
1.06956
0.26188
0.36487
0.69652
0.48324
0.51382
1.33164
0.51098
0.62773
0.05978
1.19639
0.04869
0.48671
0.25964
0.64965
1.17193
1.21198
0.27123
0.25003
0.30189
0.1407
1.81191
0.3151
0.87098
0.46064
0.18647
1.08136
0.34262
1.09937
0.37177
0.64074
0.08087
0.24254
0.13997
0.33995
0.20328
0.16417
0.32224
0.10427
0.7702
0.072
0.28044
0.19133
0.57969
0.14171
0.3475
0.52652
0.07726
0.29955
0.79285
0.13129
0.13206
0.47616
0.28168
0.23826
0.24228
0.04608
0.49496
0.51142
0.19982
0.20197
0.49446
0.11683
0.33541
0.06434
1.4653
0.07408
0.71377
0.48926
0.22737
0.11567
0.22509
0.45739
0.30656
0.49544
1.61779
0.36504
0.19283
0.40756
0.08689
0.36223
0.72389
1.15102
0.08082
0.06945
0.17936
0.32648
0.26507
1.32119
0.11355
0.60189
0.74114
0.88172
0.47846
0.55377
1.29911
0.38404
0.43577
0.14734
0.91593
0.21751
0.61529
0.32884
0.52077
0.0627
1.08273
0.31391
0.35667
0.30127
0.12483
0.05865
0.5363
0.28959
0.70247
0.26921
1.11702
0.18945
2.07227
0.23335
0.55813
0.13128
0.15736
0.40918
0.77397
0.11868
0.17232
0.13257
0.14567
0.24199
0.4721
0.17332
0.05656
0.90269
0.26994
0.92853
0.36073
1.36247
0.29552
0.34255
0.59102
0.19004
0.09824
0.63268
0.27487
0.14378
0.23994
0.08481
0.09317
0.22658
0.13066
0.45245
0.50631
0.91807
0.55688
0.77194
1.47085
0.54052
0.89458
0.19964
2.81052
0.86334
0.33348
0.56532
1.99049
0.83046
0.48104
1.24252
0.21808
0.78246
0.2691
0.12689
0.27768
0.50441
0.09407
0.1637
0.63724
0.73761
0.15636
0.49329
0.27813
0.23396
0.14708
0.39375
0.08006
1.52324
1.58938
0.0805
0.56821
0.09239
0.19921
0.10262
0.42415
0.96686
1.07738
0.18131
0.18237
0.80849
0.1942
0.09942
0.55495
0.22922
0.41711
2.03508
0.75285
0.10695
0.23864
0.98394
0.27182
0.17005
0.81133
0.3836
0.133
0.29135
0.08914
0.06304
0.17541
0.9779
0.48023
0.50724
0.46669
1.82554
0.55602
0.65525
0.70266
0.91455
0.26729
0.45619
0.12559
0.23218
0.59609
0.10816
0.20789
0.89849
0.32761
0.43462
0.71895
0.38047
0.86182
0.33173
0.5168
1.07219
0.54929
0.1582
1.44331
0.30855
0.82964
0.36025
0.57263
0.22837
0.21039
0.28673
0.18559
0.67858
2.33627
0.3631
1.53797
0.26382
0.21419
0.11842
0.33225
0.00869
0.42289
0.14141
0.33355
0.12353
0.31114
0.42505
0.6284
2.09284
0.36248
0.32879
0.20307
0.2529
0.32865
0.37274
0.2971
1.05376
0.23611
0.43835
0.15594
0.35152
0.23512
0.70588
0.17846
0.14708
0.49866
0.89816
0.64753
0.10678
0.27184
0.27204
0.67252
0.19037
0.37807
0.19231
1.37631
0.43072
0.23842
0.37904
0.24643
0.26339
0.56218
0.19135
1.8032
0.22763
0.47395
1.0509
0.14465
0.23685
0.14505
0.71945
0.26228
0.2568
0.47349
0.24531
2.20938
0.38848
0.07387
0.32408
0.64491
0.2073
0.21921
0.90516
0.40122
0.95043
0.96564
0.53653
0.17109
1.26735
0.34318
0.85295
0.07865
0.04457
0.17419
0.88473
0.08257
0.13492
0.94678
0.85234
0.57824
0.17563
0.8398
0.40683
0.39579
0.21396
0.26729
0.53616
0.11875
0.55682
0.15315
1.78747
0.33063
1.02766
0.4178
0.28215
0.32581
0.15865
0.28701
0.07054
1.99549
0.45987
0.44213
0.19416
0.28832
0.55376
0.21478
0.35241
0.1318
0.39866
0.43447
1.45353
0.42257
0.08209
0.84469
0.60668
0.2928
1.17412
0.39667
0.17171
0.31502
0.07077
0.15591
0.82913
0.48464
0.19147
0.39563
0.23695
1.10822
1.53698
0.35734
0.12947
0.42823
0.15992
0.18922
0.15551
0.07829
0.76011
0.77763
0.51558
0.74861
0.07816
0.42194
0.69828
0.19152
0.65461
0.72656
0.4752
0.34576
0.57851
0.25489
0.67042
0.13598
0.13394
0.62729
0.43278
0.34076
1.28595
1.25675
0.20076
0.44248
0.42694
1.44844
0.05485
0.79279
0.27787
1.25559
0.22762
0.44875
0.04224
0.185
0.19801
0.50978
0.08091
0.15597
1.63478
0.45467
0.4367
0.25379
0.91851
0.30308
0.23885
0.31349
0.53616
0.13951
0.46229
0.29994
1.50988
1.00315
0.36134
0.19572
0.57409
0.05043
0.71243
0.13432
0.58511
0.07492
0.36868
0.15142
0.22538
0.40877
1.09311
1.41837
0.28775
0.14294
0.24049
1.21315
2.26265
0.85212
0.21019
0.7984
0.04259
0.46079
0.17902
0.36052
0.55886
0.54902
0.01262
1.19078
0.26341
0.13948
0.46137
0.1661
0.25041
0.70839
1.66579
0.58063
0.38313
1.34338
0.25747
0.4822
0.34228
0.22281
1.66601
0.57691
0.10789
1.78933
0.28162
0.45658
0.32746
0.59668
0.12708
0.04592
